253,35
3,1
3,3
236,0
235,7
235,6
235,5
235,4
235,3
235,2
235,1
235,0
234,7
234,6
234,5
234,4
234,3
234,2
234,1
234,0
233,6
233,5
10,241
10,279
10,277
233,4
233,3
10,85
233,2
233,1
233,0
231,14
231,13
231,12
231,11
231,10
231,9
231,8
231,7
231,6
231,5
231,4
231,3
10,259
231,2
231,1
231,0
228,3
10,161
228,2
10,27
228,1
228,0
227,5
227,4
227,3
227,2
227,1
227,0
223,3
223,2
223,1
223,0
222,3
222,2
222,1
222,0
218,6
218,5
218,4
218,3
218,2
9,5
8,5
8,9
8,17
218,1
218,0
217,7
217,6
217,5
8,8
8,18
8,2
8,3
217,4
217,3
217,2
217,1
217,0
216,5
216,4
216,3
216,2
216,1
216,0
215,5
215,4
215,3
215,2
215,1
215,0
212,5
212,4
212,3
212,2
212,1
212,0
209,8
209,7
209,6
209,5
209,1
20,3
20,2
20,1
19,3
19,2
19,1
12,3
12,2
12,1
11,30
11,29
11,28
11,26
11,25
11,24
11,23
11,22
11,21
11,19
11,18
11,17
11,16
11,13
11,12
11,10
11,9
11,8
11,7
11,6
11,5
11,4
11,3
11,2
11,1
